chair: [5.2192631164756005, 3.9987604297599724, -0.6841016766406124, 0.7293866574166976]
couch: [6.34910004498282, 0.6035174450033246, -0.6816791818989463, 0.7316512099119248]
cupboard: [5.747814299762911, 4.551669176337973, 0.06383561605558138, 0.9979604271326616]
desk: [4.236092425759129, 0.5518414142989592, -0.6759118412197247, 0.7369824847979507]
dining room: [1.788330054395153, 4.023386247167307, 0.06427105234651609, 0.997932478592751]
exit: [0.0, 0.0, 0.0, 1.0]
goal: [6.502969001315568, 2.8887516892679703, 0.6547408137173397, 0.7558534691676395]
living room: [2.58885636429747, 0.715205638302739, 0.10131675287733094, 0.9948542182583304]
operator: [2.749392252490635, 4.0568043396672575, 0.08280820751220434, 0.9965655024977614]
shelf: [2.175591424299997, 3.618072029434343, -0.6582954063199163, 0.7527596947353759]
table: [4.012607931024284, 1.4278113914401427, 0.7406873476448748, 0.6718498738846354]
