cupboard: [-1.353326632997094, -3.0438741286489406, 0.9991625675048846, 0.04091654551702614]
operator: [1.855484455623942, -3.482511226309835, 0.9995520592605568, 0.02992792722492318]
table: [0.9872026481950938, -0.3028379814225204, -0.7376309739350928, 0.6752040775140257]
