chair: [5.017956191857126, 3.7719591130280388, -0.6501776863217403, 0.7597821899790155]
couch: [6.272623023558739, 0.4207740613054089, -0.6743668274014527, 0.738396493830042]
cupboard: [5.6417672542159, 4.316320249406703, 0.07132335698704323, 0.9974532463970924]
desk: [4.158586163495689, 0.3510093466030257, -0.6719145084910599, 0.7406287148627289]
dining room: [1.7423668211685255, 3.7037142043231923, 0.11233611576153554, 0.9936702657801585]
exit: [0.0, 0.0, 0.0, 1.0]
living room: [2.3967724955635643, 0.7229529736106806, 0.04902409360756103, 0.9987975962355722]
operator: [2.5086018297762207, 3.809510944053549, 0.07341226022432017, 0.9973016795577739]
shelf: [2.0595966849777434, 3.1691819095843288, -0.6501776863217403, 0.7597821899790155]
table: [3.7966643615234434, 1.1929789122562942, 0.7254344385190257, 0.6882912722173556]
