chair: [5.232437959585384, 3.679927929885592, -0.6906300058494229, 0.723208265315342]
couch: [6.192819565705158, 0.3319021724434457, -0.6874678502106721, 0.7262148132107448]
cupboard: [5.8846635815776205, 4.275506318351318, 0.03542277170801484, 0.9993724166918566]
desk: [4.228401520481945, 0.28533051144996535, -0.6989771737230054, 0.7151439789400451]
dining room: [1.5898908696138607, 3.7228641239154077, 0.0320213169926722, 0.9994871861399999]
exit: [0.0, 0.0, 0.0, 1.0]
living room: [2.3526826702959838, 0.7068491871228905, 0.037341362551239134, 0.9993025681157919]
operator: [2.821113380594509, 3.9248963548640314, 0.05538584772514657, 0.9984650258630829]
shelf: [2.209472607964905, 3.428926003733645, -0.6786084770895856, 0.7345001938884382]
table: [3.8593980289211283, 1.180030615132545, 0.7198245880301588, 0.6941560072975038]
