desk: [0.31948178224648766, 3.1271592292183095, -0.7158755538693995, 0.6982278935792958]
kyohey: [20.238435246478033, 4.696773963765419, 0.6923321065347298, 0.7215790007069106]
makino: [24.183713043169856, 4.332688766530106, 0.5366370446056602, 0.8438131797719817]
operator: [-0.09597304158585586, 0.18396513607965642, -0.06305180016104124, 0.9980102557070504]
yonezawa: [18.331062855831725, 5.099578141079297, 0.6146982793358424, 0.7887623377048086]
