issei: [0.1808065534584346, -0.04457317641176058, 0.11719074401865835, 0.9931094247445008]
operator: [0.08568214403801508, -0.05689391583575812, 0.06949530969894345, 0.9975822782757561]
