chair: [3.24957536387979, -3.975233843877156, -0.41238905321165814, 0.9110078313555774]
cupboard: [2.9653710419965322, 0.3052964925194758, -0.021291407894874086, 0.9997733122812661]
dining room: [-0.8950218452439255, 0.18996166228675934, -0.0054977594481133134, 0.999984887206327]
entrance: [-3.4857738050875158, -3.330227150249608, -0.030538513209822662, 0.9995335908367129]
living room: [-0.7473824422383948, -3.257243562840077, -0.02635142102541466, 0.9996527410105678]
operator: [0.0, 0.0, 0.0, 1.0]
shelf: [-0.6234034422492063, -0.7056035992924439, -0.7139840484019307, 0.7001619659961468]
table: [0.7166332237001427, -3.189255892772682, 0.6957247677207896, 0.718308462695417]
