chair: [-1.2410364826712328, 3.883939705439544, 0.8855152907740587, 0.4646102342881982]
cupboard: [-1.3324218504402014, -0.23558056931110785, 0.9982398279237652, 0.05930637357596177]
dining room: [2.3139025561796975, -0.4741295513049252, 0.9971851335251157, 0.07497872682632753]
entrance: [5.566604758029423, 2.8030197115587883, 0.9958685650785236, 0.09080639343373545]
living room: [2.604316362484116, 3.0837109456764598, 0.9991978934693634, 0.04004459621954878]
operator: [1.6019716668708042, -0.15878407649504575, 0.9994702828108553, 0.03254464284623618]
shelf: [2.495695196418903, 0.44693126776971115, 0.6505091419392227, 0.7594984241283823]
table: [1.2506976861074361, 2.9884802178372136, -0.7499379128850504, 0.6615082212774189]
