chair: [0.6341501041595677, 3.708701438686332, 0.2758051234336247, 0.9612135735037053]
operator: [-0.38053168763844475, 0.4391647072571352, 0.5570930468997956, 0.8304500810379286]
