brown_shelf: [2.818967638854332, 2.835557399773517, -0.6732061254116489, 0.7394548753698464]
chair: [6.4508903755467735, -0.37087128527383323, -0.5365634059710975, 0.8438600069755026]
operator: [4.744676075628222, 3.593264637888159, -0.019895440708277635, 0.9998020661306034]
table: [4.017191662818855, 0.43795632581504135, 0.7959491776385689, 0.605363450017001]
