operator: [4.760819308293879, 3.4872006378030114, -0.3307614678951797, 0.9437143907749982]
shelf: [4.760819308293879, 3.4872006378030114, -0.3307614678951797, 0.9437143907749982]
