chair: [3.286883196307146, -3.4759602169159427, -0.2912866234811568, 0.9566358256833929]
cupboard: [2.9293913806163583, 0.2724172449606387, 0.21669520021488933, 0.9762393099050196]
operator: [1.6128434533317098, 0.10587128606980073, 0.9869682966573811, 0.16091482651771966]
table: [0.6806744171845734, -2.8728220125389403, 0.6133206938151127, 0.7898339866947667]
