cupboard: [6.035117810738629, 3.8298713565178946, 0.12056999949197335, 0.9927048278428515]
desk: [4.03909699134839, 0.0985716483728805, -0.7115356772092853, 0.7026499697988492]
operator: [3.4027502267699825, 3.7064377933799406, 0.02155314720333231, 0.9997677039420865]
shelf: [2.4154472066235573, 3.3656414988760575, -0.7182477465209561, 0.6957874493101815]
