chair: [1.3586829898436685, 3.667869391159946, 0.6505754182030071, 0.759441653604793]
cupboard: [5.806897419592136, 4.1113411869744025, 0.04562451645530179, 0.9989586595541479]
desk: [4.21848103992904, 1.4889625200023855, -0.8510861290972471, 0.5250260954069464]
operator: [3.627703667232325, 4.048556944336228, 0.10487561052351245, 0.9944853474623547]
