chair: [6.320958026911073, -0.2589163340380253, -0.3009554717102354, 0.9536381934715439]
cupboard: [6.114613590643964, 3.9427361959417264, -0.10921385933341471, 0.9940182759534661]
operator: [3.545340957257901, 3.797365518293196, 0.9955783744389299, 0.09393455354414541]
table: [3.7924086758154334, 0.32448972664535636, 0.6904406467029578, 0.7233890470420473]
