desk: [0.22714637731443754, 2.8951776243329297, -0.9400205035558277, 0.34111794572354026]
dining room: [1.7799482198033643, 2.9837865345850725, 0.9952103533947931, 0.09775659822135269]
shelf: [-1.7853909224031705, 3.7005342582816523, 0.6363475293115821, 0.7714025031972901]
