chair: [-1.859093586677607, 3.686876192552854, 0.9184808957026647, 0.39546535149015377]
sheriff: [2.0497871430550743, 0.6114710507814575, 0.7553390038637138, 0.6553342576442747]
table: [0.8268077846883356, 2.8718934164820604, -0.6990395791467099, 0.7150829789516674]
